date,open,high,low,close,volume,changed,changep,adjclose,tradeval,tradevol
2018-03-12,58.27,58.56,57.96,58.02,12414789,-0.21,-0.36%,58.02,722246464.47,69694
2018-03-09,57.16,58.27,57.00,58.23,19051459,1.51,2.66%,58.23,1102565429.63,85644
2018-03-08,56.75,57.02,56.23,56.72,16828426,0.12,0.21%,56.72,951969485.40,78651
2018-03-07,56.40,56.735,56.01,56.60,24788705,-0.47,-0.82%,56.60,1399478367.78,113920
2018-03-06,57.71,57.87,56.64,57.07,23975904,-0.52,-0.90%,57.07,1367052148.25,117576
2018-03-05,56.81,57.97,56.59,57.59,20560933,0.18,0.31%,57.59,1180156987.48,104065
2018-03-02,56.92,57.615,56.42,57.41,22428543,0.10,0.17%,57.41,1278591688.65,122072
2018-03-01,58.25,58.94,57.06,57.31,28491014,-1.10,-1.88%,57.31,1644551272.83,166176
2018-02-28,59.47,59.82,58.32,58.41,17869070,-0.80,-1.35%,58.41,1054175599.28,80860
2018-02-27,60.03,60.48,59.21,59.21,17024431,-0.76,-1.27%,59.21,1017606200.17,90389
2018-02-26,59.75,60.00,58.95,59.97,16478259,0.80,1.35%,59.97,982363538.28,85433
2018-02-23,59.07,59.24,58.35,59.17,21099194,0.36,0.61%,59.17,1241141625.26,102851
2018-02-22,59.88,60.17,58.68,58.81,17948561,-0.92,-1.54%,58.81,1065767154.90,95140
2018-02-21,59.86,60.49,59.73,59.73,19987777,-0.22,-0.37%,59.73,1200771959.45,96064
2018-02-20,59.86,61.2651,59.78,59.95,18517576,0.00,0.00%,59.95,1116887189.05,94256
2018-02-16,59.67,60.43,59.67,59.95,18661930,-0.07,-0.12%,59.95,1120887769.20,95475
2018-02-15,59.82,60.10,59.15,60.02,22397333,0.47,0.79%,60.02,1336985903.36,102477
2018-02-14,57.85,59.60,57.80,59.55,23681797,1.55,2.67%,59.55,1395617507.98,107819
2018-02-13,56.06,58.09,55.95,58.00,24234222,1.50,2.65%,58.00,1393340462.63,112032
2018-02-12,56.36,57.12,55.88,56.50,24401292,0.37,0.66%,56.50,1378047861.30,116347
2018-02-09,56.14,56.54,54.72,56.13,48904558,0.73,1.32%,56.13,2724040120.84,260309
2018-02-08,57.33,57.44,55.35,55.40,43569719,-2.14,-3.72%,55.40,2458229992.80,220518
2018-02-07,56.94,58.115,56.75,57.54,45550954,0.26,0.45%,57.54,2626797933.20,219003
2018-02-06,56.905,58.50,55.87,57.28,83076895,-0.88,-1.51%,57.28,4745442879.29,370607
2018-02-05,58.70,59.89,57.50,58.16,103394442,-5.91,-9.22%,58.16,6079038271.63,471277
2018-02-02,65.33,65.5254,63.83,64.07,18905283,-1.44,-2.20%,64.07,1220811561.14,104246
2018-02-01,65.37,66.09,65.06,65.51,15717623,0.12,0.18%,65.51,1029241382.10,84709
2018-01-31,65.27,66.10,65.16,65.78,18147919,0.497,0.77%,65.39,1194950343.58,86348
2018-01-30,65.43,65.93,65.28,65.28,16158886,-0.537,-0.82%,64.893,1058174684.38,82632
2018-01-29,65.78,66.31,65.66,65.82,16105189,-0.109,-0.17%,65.4298,1062881145.44,74915
2018-01-26,65.89,66.04,65.25,65.93,16251896,0.278,0.43%,65.5391,1068395352.54,67835
2018-01-25,65.70,65.85,65.40,65.65,17568706,0.169,0.26%,65.2608,1153359582.35,90261
2018-01-24,64.95,65.63,64.80,65.48,20180270,0.984,1.54%,65.0918,1317398800.51,92226
2018-01-23,64.31,64.85,64.2249,64.49,12937130,-0.239,-0.37%,64.1076,835198149.39,73169
2018-01-22,64.00,64.75,63.97,64.73,12245161,0.507,0.79%,64.3462,789092134.32,64414
2018-01-19,64.15,64.2601,63.83,64.22,16524008,0.268,0.42%,63.8392,1058935037.94,84927
2018-01-18,63.87,64.31,63.86,63.95,16305872,0.07,0.11%,63.5708,1044215829.78,88783
2018-01-17,62.85,64.04,62.49,63.88,23892881,1.372,2.21%,63.5013,1514634332.94,117919
2018-01-16,62.79,63.15,62.175,62.50,17907786,-0.05,-0.08%,62.1294,1123141167.03,98878
2018-01-12,63.20,63.40,62.05,62.55,25886119,-0.457,-0.73%,62.1791,1620636073.41,123295
2018-01-11,63.65,63.669,62.69,63.01,22074996,-0.109,-0.17%,62.6364,1389202699.10,101613
2018-01-10,62.48,63.40,62.36,63.12,18107523,0.855,1.38%,62.7458,1141055122.62,84997
2018-01-09,62.30,62.77,62.07,62.26,15766492,0.219,0.35%,61.8909,984119945.28,87115
2018-01-08,62.66,62.73,61.94,62.04,15569369,-0.706,-1.13%,61.6722,968355712.75,75181
2018-01-05,62.76,62.81,62.085,62.75,14217871,0.418,0.67%,62.378,888655354.19,63437
2018-01-04,61.98,63.05,61.91,62.33,18740512,0.765,1.25%,61.9604,1171887243.58,82239
2018-01-03,61.22,61.77,61.10,61.56,14203721,0.467,0.77%,61.195,874486768.85,74526
2018-01-02,61.04,61.355,60.70,61.09,13819293,0.418,0.69%,60.7278,842902691.04,66141
2017-12-29,61.46,61.58,60.67,60.67,10711384,-0.626,-1.03%,60.3103,652790601.86,45988
2017-12-28,61.03,61.31,60.91,61.30,10550864,0.348,0.57%,60.9366,645451120.42,46869
2017-12-27,61.10,61.24,60.66,60.95,10010820,-0.179,-0.29%,60.5886,609320181.86,43296
2017-12-26,61.495,61.72,60.80,61.13,11662751,-0.418,-0.68%,60.7676,712628036.37,43228
2017-12-22,62.02,62.24,61.19,61.55,11653242,-0.06,-0.10%,61.1851,717524731.72,57713
2017-12-21,60.77,62.115,60.68,61.61,22130653,1.461,2.44%,61.2447,1361542062.11,90135
2017-12-20,60.81,61.07,60.06,60.14,16544502,-0.219,-0.36%,59.7834,1001159716.12,75573
2017-12-19,61.18,61.27,60.28,60.36,17062716,-0.557,-0.92%,60.0021,1035287374.33,87354
2017-12-18,60.42,61.13,60.37,60.92,19970907,1.044,1.75%,60.5588,1214008549.87,80967
2017-12-15,59.36,60.65,59.35,59.87,36467523,0.646,1.10%,59.515,2182730330.78,113134
2017-12-14,59.48,59.99,59.21,59.22,14730970,-0.179,-0.30%,58.8689,876646152.78,79340
2017-12-13,60.31,60.50,59.38,59.40,18227043,-0.924,-1.54%,59.0478,1092846709.46,91896
2017-12-12,58.71,60.56,58.71,60.33,25040438,1.451,2.48%,59.9723,1501929678.03,107553
2017-12-11,59.27,59.30,58.62,58.87,15876592,-0.437,-0.74%,58.521,935275333.00,76452
2017-12-08,59.71,59.92,59.145,59.31,22017053,-0.05,-0.08%,58.9584,1309451611.40,104248
2017-12-07,58.45,60.00,58.29,59.36,32990684,0.785,1.35%,59.0081,1960313371.32,139768
2017-12-06,58.56,59.10,58.12,58.57,26758332,0.02,0.03%,58.2227,1568621479.80,118358
2017-12-05,57.65,59.41,57.4438,58.55,39754878,1.153,2.02%,58.2029,2329810573.49,168374
2017-12-04,57.27,57.99,57.20,57.39,28720384,1.183,2.12%,57.0497,1655448677.84,157991
2017-12-01,56.57,57.18,55.44,56.20,31242412,-0.268,-0.48%,55.8668,1762069724.86,171161
2017-11-30,57.03,57.33,56.375,56.47,30984403,-0.209,-0.37%,56.1352,1757398311.80,138223
2017-11-29,55.84,57.25,55.70,56.68,29631806,1.103,2.00%,56.3439,1678739031.86,155452
2017-11-28,53.87,55.89,53.72,55.57,25685169,1.61,3.00%,55.2405,1416181125.28,98701
2017-11-27,54.02,54.46,53.86,53.95,11066809,-0.139,-0.26%,53.6301,598402382.49,55769
2017-11-24,54.19,54.3088,54.00,54.09,5386489,0.03,0.06%,53.7693,291759279.03,29937
2017-11-22,54.46,54.62,54.025,54.06,11421659,-0.457,-0.84%,53.7395,620046585.61,57560
2017-11-21,54.08,54.579,53.99,54.52,13757036,0.467,0.87%,54.1968,747448201.67,65400
2017-11-20,54.12,54.21,53.85,54.05,16943059,-0.099,-0.18%,53.7295,915611193.52,69438
2017-11-17,54.21,54.46,53.97,54.15,15814821,-0.447,-0.82%,53.8289,856605635.98,76961
2017-11-16,53.95,54.86,53.86,54.60,26361825,0.845,1.58%,54.2763,1433718985.94,87837
2017-11-15,53.63,54.115,53.485,53.75,18238575,-0.288,-0.54%,53.4313,980949937.78,77132
2017-11-14,53.52,54.10,53.32,54.04,20830063,0.318,0.60%,53.7196,1118596733.76,76283
2017-11-13,53.52,53.91,53.41,53.72,13447019,-0.089,-0.17%,53.4015,722907250.14,62642
2017-11-10,54.02,54.13,53.791,53.81,13671702,-0.189,-0.35%,53.491,737797855.40,59252
2017-11-09,53.90,54.19,53.21,54.00,24358972,-0.258,-0.48%,53.6798,1310165626.97,133046
2017-11-08,54.80,54.99,54.05,54.26,24047114,-0.785,-1.44%,53.9383,1307039207.82,98158
2017-11-07,56.17,56.29,54.67,55.05,18679065,-1.123,-2.01%,54.7236,1032177767.07,84348
2017-11-06,56.10,56.43,56.00,56.18,10414893,-0.169,-0.30%,55.8469,585798946.19,47495
2017-11-03,56.25,56.44,55.901,56.35,10049173,-0.129,-0.23%,56.0159,565083850.04,52585
2017-11-02,55.80,56.52,55.35,56.48,15630001,0.656,1.18%,56.1451,877501876.27,74515
2017-11-01,56.32,56.84,56.19,56.21,11678320,0.069,0.12%,55.4891,659039129.06,61092
2017-10-31,55.95,56.52,55.90,56.14,14619169,0.286,0.52%,55.42,821960218.67,68597
2017-10-30,55.45,55.96,55.31,55.85,12249199,-0.02,-0.04%,55.1337,682901112.46,62287
2017-10-27,55.23,56.04,55.13,55.87,17258583,0.247,0.45%,55.1534,962267448.20,80847
2017-10-26,55.45,56.17,55.45,55.62,15979177,0.36,0.66%,54.9066,892230376.75,69482
2017-10-25,55.49,55.58,54.87,55.255,13492264,-0.163,-0.30%,54.5463,744976746.46,79063
2017-10-24,55.00,55.56,55.00,55.42,18779387,0.503,0.93%,54.7092,1039762658.07,75610
2017-10-23,54.75,55.0401,54.70,54.91,18102146,-0.01,-0.02%,54.2057,993541731.96,77408
2017-10-20,54.21,55.07,54.04,54.92,28407666,1.155,2.18%,54.2156,1556410738.32,103760
2017-10-19,53.11,53.93,53.00,53.75,12669710,0.336,0.64%,53.0606,679428250.37,63603
2017-10-18,53.41,54.07,53.32,53.41,21604023,0.217,0.41%,52.725,1159954042.81,91394
2017-10-17,53.98,53.9999,53.12,53.19,18614716,-0.602,-1.13%,52.5078,993881458.66,85678
2017-10-16,53.65,53.97,53.42,53.80,22802389,0.109,0.20%,53.11,1224791264.64,94064
2017-10-13,53.49,53.71,52.84,53.69,35310028,-1.501,-2.75%,53.0014,1886123457.00,159183
2017-10-12,55.69,55.71,55.06,55.21,15067498,-0.444,-0.81%,54.5019,834186577.77,74813
2017-10-11,55.44,55.71,55.26,55.66,12843107,0.049,0.09%,54.9461,713173275.15,65370
2017-10-10,55.37,55.72,55.15,55.61,12800536,0.464,0.85%,54.8968,710339299.41,62369
2017-10-09,55.62,55.70,54.92,55.14,11377035,-0.434,-0.79%,54.4328,628109184.70,49597
2017-10-06,55.48,55.68,55.22,55.58,11151225,0.188,0.34%,54.8671,618775676.61,60881
2017-10-05,55.00,55.77,54.78,55.39,14560658,0.424,0.78%,54.6796,807132087.47,73740
2017-10-04,55.31,55.35,54.895,54.96,14697750,-0.612,-1.12%,54.2551,809076377.32,68098
2017-10-03,55.33,55.62,54.85,55.58,17405089,0.109,0.20%,54.8671,960933414.64,75508
2017-10-02,55.16,55.47,54.855,55.47,11764416,0.316,0.58%,54.7585,649828976.05,64264
2017-09-29,54.25,55.23,54.09,55.15,20872334,0.888,1.66%,54.4427,1147792522.74,81861
2017-09-28,54.29,54.33,53.74,54.25,14531655,0.039,0.07%,53.5542,786209806.97,67645
2017-09-27,54.47,54.53,54.055,54.21,15840785,0.405,0.76%,53.5147,859691884.49,71289
2017-09-26,54.10,54.28,53.76,53.80,12052460,-0.227,-0.43%,53.11,650177427.23,56397
2017-09-25,54.07,54.325,53.55,54.03,11595884,-0.217,-0.41%,53.337,626015602.35,63282
2017-09-22,53.92,54.36,53.75,54.25,18047820,0.188,0.35%,53.5542,976787543.13,73965
2017-09-21,53.55,54.24,53.52,54.06,16210868,0.306,0.58%,53.3666,875854717.65,75640
2017-09-20,53.39,54.1139,53.28,53.75,21560419,0.385,0.73%,53.0606,1156169319.04,97697
2017-09-19,52.72,53.59,52.53,53.36,17046989,0.642,1.23%,52.6756,908003095.93,79331
2017-09-18,51.67,52.84,51.61,52.71,20943426,1.037,2.03%,52.0339,1097222150.78,83984
2017-09-15,51.28,51.68,51.25,51.66,28494345,0.365,0.72%,50.9974,1467273696.73,54810
2017-09-14,51.54,51.72,51.08,51.29,13739413,-0.168,-0.33%,50.6322,705205461.54,59818
2017-09-13,51.39,51.51,51.18,51.46,12617331,-0.109,-0.21%,50.80,648000570.06,68706
2017-09-12,50.85,51.73,50.84,51.57,17129536,0.898,1.80%,50.9086,881731131.87,82618
2017-09-11,50.00,50.80,49.94,50.66,17987052,1.066,2.18%,50.0102,909005855.09,86174
2017-09-08,49.61,49.98,49.43,49.58,18975665,-0.099,-0.20%,48.9441,942059090.28,74680
2017-09-07,49.94,49.94,49.27,49.68,23367261,-0.197,-0.40%,49.0428,1156857337.83,106193
2017-09-06,50.25,50.27,49.56,49.88,26854049,-0.217,-0.44%,49.2402,1340274306.89,108137
2017-09-05,50.63,50.67,49.76,50.10,31251308,-0.859,-1.71%,49.4574,1566416498.68,130939
2017-09-01,51.06,51.49,50.93,50.97,16217688,-0.099,-0.20%,50.3163,830454008.41,74015
2017-08-31,51.00,51.24,50.87,51.07,25231147,-0.286,-0.56%,50.415,1287617895.26,101464
2017-08-30,51.46,51.74,51.20,51.36,11427543,-0.059,-0.12%,50.7013,587804643.03,54924
2017-08-29,51.21,51.50,51.13,51.42,10715516,-0.207,-0.41%,50.7605,550067898.07,57838
2017-08-28,51.95,52.02,51.42,51.63,12425896,-0.138,-0.27%,50.9678,641627243.92,51939
2017-08-25,52.27,52.57,51.76,51.77,15307840,-0.385,-0.75%,51.106,795785211.16,63320
2017-08-24,52.19,52.5288,52.035,52.16,12345029,0.128,0.25%,51.491,645203669.57,51455
2017-08-23,51.83,52.48,51.80,52.03,10019524,-0.188,-0.36%,51.3627,522519338.86,50824
2017-08-22,51.95,52.27,51.92,52.22,12984102,0.395,0.77%,51.5502,677295049.09,60622
2017-08-21,51.74,51.91,51.40,51.82,13503090,0.138,0.27%,51.1554,697874434.65,66886
2017-08-18,51.63,52.14,51.38,51.68,17130641,-0.118,-0.23%,51.0172,885986165.78,80588
2017-08-17,52.47,52.6335,51.79,51.80,16814287,-0.879,-1.69%,51.1356,875533711.81,82977
2017-08-16,53.01,53.21,52.46,52.69,11224409,-0.158,-0.30%,52.0142,592722236.51,59492
2017-08-15,53.20,53.3582,52.83,52.85,11028101,0.01,0.02%,52.1722,584694431.57,56986
2017-08-14,52.37,53.09,52.34,52.84,16313225,0.888,1.73%,52.1623,862595621.82,74935
2017-08-11,51.83,52.21,51.74,51.94,14714450,-0.01,-0.02%,51.2738,763716638.12,71481
2017-08-10,52.39,52.72,51.9201,51.95,18373022,-0.829,-1.59%,51.2837,960103963.15,86630
2017-08-09,52.28,52.81,52.14,52.79,14631563,0.079,0.15%,52.1129,768421654.69,70470
2017-08-08,52.32,53.30,52.22,52.71,24877808,0.168,0.32%,52.0339,1313932798.68,98938
2017-08-07,52.73,52.95,52.43,52.54,22673681,-0.296,-0.57%,51.8661,1192679720.91,84285
2017-08-04,53.67,53.70,51.91,52.84,44664559,-0.553,-1.05%,52.1623,2365126725.19,185146
2017-08-03,53.50,53.66,53.34,53.40,19374704,-0.217,-0.41%,52.7151,1035143567.31,70140
2017-08-02,53.54,53.96,53.45,53.62,19422130,-0.069,-0.13%,52.9323,1041659018.68,83897
2017-08-01,54.23,54.39,53.85,54.08,19350259,0.137,0.26%,53.0014,1045741944.88,76394
2017-07-31,53.42,54.22,53.40,53.94,20378065,0.627,1.20%,52.8641,1098564896.41,87256
2017-07-28,54.30,54.57,53.18,53.30,32590568,-1.382,-2.58%,52.2369,1741922937.82,131579
2017-07-27,54.86,54.96,54.39,54.71,17352646,-0.196,-0.36%,53.6188,949119943.86,86494
2017-07-26,55.32,55.33,54.81,54.91,19686938,-0.147,-0.27%,53.8148,1083550089.31,78661
2017-07-25,55.00,55.405,54.91,55.06,20167835,0.774,1.46%,53.9618,1111319768.17,93345
2017-07-24,54.10,54.41,54.04,54.27,18489859,0.098,0.18%,53.1876,1002698175.34,86056
2017-07-21,54.43,54.62,54.10,54.17,17384457,-0.696,-1.29%,53.0896,943789549.41,75103
2017-07-20,54.96,55.31,54.68,54.88,15123488,-0.059,-0.11%,53.7854,831065443.75,61955
2017-07-19,54.80,55.21,54.69,54.94,12366197,0.137,0.26%,53.8442,679264887.80,62638
2017-07-18,54.31,54.92,54.23,54.80,13603344,0.088,0.16%,53.707,744172974.02,67116
2017-07-17,54.90,54.98,54.44,54.71,14953583,-0.274,-0.51%,53.6188,818664690.76,80652
2017-07-14,54.31,55.20,54.12,54.99,17949644,-0.598,-1.10%,53.8932,980503198.57,93191
2017-07-13,55.26,55.67,55.06,55.60,14201775,0.421,0.78%,54.491,786938289.59,75398
2017-07-12,54.93,55.24,54.60,55.17,11951527,0.127,0.24%,54.0696,657744388.49,67662
2017-07-11,55.66,55.7135,54.82,55.04,14842691,-0.539,-0.99%,53.9422,817964106.88,87505
2017-07-10,55.53,55.81,55.34,55.59,10978963,-0.147,-0.27%,54.4812,610215308.83,63578
2017-07-07,55.78,55.829,55.245,55.74,11503450,0.176,0.32%,54.6282,639562796.80,54552
2017-07-06,55.98,56.32,55.50,55.56,14481179,-0.216,-0.39%,54.4518,808263863.47,81769
2017-07-05,55.97,56.02,55.34,55.78,14086881,0.00,0.00%,54.6674,785732089.67,81306
2017-07-03,55.81,56.45,55.71,55.78,11825311,0.363,0.67%,54.6674,662516738.27,61915
2017-06-30,56.03,56.05,55.16,55.41,16750704,-0.363,-0.66%,54.3048,929424101.41,78683
2017-06-29,55.65,56.60,55.21,55.78,32552121,1.421,2.67%,54.6674,1817504088.74,162506
2017-06-28,53.61,54.42,53.52,54.33,20961669,1.147,2.20%,53.2464,1135362075.26,100381
2017-06-27,53.02,53.655,52.905,53.16,13496348,0.255,0.49%,52.0997,719548008.77,70930
2017-06-26,52.73,53.43,52.59,52.90,12532812,0.441,0.86%,51.8449,664426965.52,64202
2017-06-23,52.70,52.825,52.32,52.45,21868452,-0.039,-0.08%,51.4039,1148745716.03,77474
2017-06-22,52.80,52.89,52.22,52.49,15362168,-0.48,-0.92%,51.4431,806346464.54,77505
2017-06-21,53.47,53.48,52.80,52.98,12653747,-0.47,-0.90%,51.9233,671264765.21,70426
2017-06-20,54.06,54.095,53.425,53.46,13622247,-0.764,-1.44%,52.3937,730388335.65,71690
2017-06-19,54.31,54.64,54.12,54.24,15367253,0.343,0.65%,53.1582,835420101.86,75492
2017-06-16,53.93,54.24,53.65,53.89,23492702,-0.01,-0.02%,52.8151,1266906492.92,65029
2017-06-15,54.04,54.45,53.81,53.90,17232258,-0.617,-1.16%,52.8249,931663941.55,87294
2017-06-14,54.09,54.64,53.57,54.53,16574994,0.078,0.15%,53.4424,897403789.25,101255
2017-06-13,54.35,54.69,54.28,54.45,17965974,0.353,0.67%,53.364,978728646.64,96628
2017-06-12,53.98,54.585,53.94,54.09,22791380,0.284,0.54%,53.0112,1234689325.84,125026
2017-06-09,52.86,53.95,52.80,53.80,25749954,1.215,2.36%,52.7269,1381127880.24,132532
2017-06-08,52.00,53.03,51.88,52.56,22644201,0.461,0.90%,51.5117,1191940515.80,117894
2017-06-07,51.84,52.31,51.70,52.09,17022350,0.274,0.54%,51.051,886582119.33,86968
2017-06-06,51.32,52.03,51.24,51.81,14887538,0.088,0.17%,50.7766,770339828.36,74653
2017-06-05,51.71,52.18,51.665,51.72,13663770,-0.088,-0.17%,50.6884,709713156.87,64943
2017-06-02,51.67,52.24,51.53,51.81,19477314,-0.265,-0.52%,50.7766,1010905980.72,93813
2017-06-01,51.53,52.21,51.06,52.08,21001799,0.921,1.84%,51.0412,1086530255.45,110270
2017-05-31,52.23,52.25,50.83,51.14,30519660,-1.00,-1.96%,50.12,1562953905.73,134389
2017-05-30,52.16,52.50,51.90,52.16,19379725,-0.245,-0.48%,51.1197,1011192674.79,81293
2017-05-26,52.63,52.81,52.37,52.41,14247740,-0.363,-0.70%,51.3647,748651915.10,66737
2017-05-25,53.25,53.25,52.57,52.78,16643765,-0.304,-0.58%,51.7273,878974738.89,78280
2017-05-24,53.49,53.61,52.8024,53.09,11363414,-0.294,-0.56%,52.0311,603360738.66,62766
2017-05-23,53.01,53.5599,52.85,53.39,11751719,0.372,0.72%,52.3251,626035259.48,60134
2017-05-22,53.27,53.32,52.50,53.01,13946952,-0.049,-0.09%,51.9527,737305073.55,70332
2017-05-19,52.57,53.34,52.39,53.06,16894978,0.666,1.30%,52.0017,894292476.87,77083
2017-05-18,52.31,52.96,51.95,52.38,19790140,0.137,0.27%,51.3353,1037849127.00,112572
2017-05-17,52.04,52.65,51.65,52.24,33173088,-1.00,-1.92%,51.1981,1730469690.33,160081
2017-05-16,53.40,53.44,52.95,53.26,12650066,-0.059,-0.11%,52.1977,672592067.56,59636
2017-05-15,53.06,53.415,53.02,53.32,15245047,0.294,0.57%,52.2565,811707069.04,76715
2017-05-12,53.30,53.32,52.54,53.02,29642325,-0.706,-1.34%,51.9625,1567043526.80,134309
2017-05-11,54.28,54.42,53.06,53.74,32200089,-0.96,-1.79%,52.6681,1730610012.15,145024
2017-05-10,54.43,54.91,54.36,54.72,15897244,0.039,0.07%,53.6286,869699096.12,83050
2017-05-09,55.14,55.37,54.45,54.68,14402868,-0.353,-0.65%,53.5894,792341290.15,74653
2017-05-08,55.12,55.29,54.75,55.04,14242805,-0.069,-0.13%,53.9422,783842418.66,65925
2017-05-05,55.25,55.385,54.88,55.11,13078783,-0.069,-0.13%,54.0108,719846250.29,74086
2017-05-04,55.27,55.60,54.87,55.18,17054067,0.323,0.60%,54.0794,942017221.34,93253
2017-05-03,54.01,54.89,53.95,54.85,15737118,0.676,1.27%,53.756,860096667.49,80612
2017-05-02,54.46,54.61,54.06,54.54,15634864,0.078,0.15%,53.0798,849950559.99,76230
2017-05-01,54.10,54.75,53.97,54.46,13915807,0.603,1.15%,53.0019,756861483.25,68760
2017-04-28,54.33,54.58,53.73,53.84,16501919,-0.584,-1.10%,52.3985,891704691.90,72400
2017-04-27,54.54,54.65,53.91,54.44,13978030,-0.097,-0.18%,52.9825,758379611.15,77825
2017-04-26,54.60,55.07,54.36,54.54,15915542,-0.019,-0.04%,53.0798,871133451.22,85172
2017-04-25,54.33,55.087,54.29,54.56,27061299,0.886,1.70%,53.0992,1481529293.22,132595
2017-04-24,54.15,54.34,53.59,53.65,23856688,0.633,1.23%,52.2136,1286261555.98,112566
2017-04-21,53.39,53.84,52.95,53.00,26177343,-0.487,-0.93%,51.581,1397394107.39,119716
2017-04-20,52.72,53.59,52.43,53.50,31552904,1.314,2.59%,52.0676,1676860782.40,125524
2017-04-19,52.88,53.14,52.05,52.15,17414622,-0.292,-0.57%,50.7538,915425222.34,91961
2017-04-18,52.36,52.665,52.09,52.45,22257525,-0.263,-0.51%,51.0457,1166224844.26,118635
2017-04-17,51.64,52.76,51.255,52.72,31959061,1.333,2.67%,51.3085,1664640456.59,153632
2017-04-13,51.80,52.75,51.35,51.35,47981952,-1.723,-3.33%,49.9752,2489496509.23,227929
2017-04-12,53.95,54.02,53.05,53.12,25601266,-1.012,-1.92%,51.6978,1366503696.14,133049
2017-04-11,54.23,54.26,53.265,54.16,28086812,-0.37,-0.70%,52.71,1509059863.08,148297
2017-04-10,54.99,55.2499,54.32,54.54,14607683,-0.292,-0.55%,53.0798,799342975.11,78533
2017-04-07,54.94,55.31,54.61,54.84,15848631,-0.516,-0.96%,53.3717,870404928.53,77675
2017-04-06,54.95,55.65,54.705,55.37,10387536,0.38,0.71%,53.8876,574279622.93,64277
2017-04-05,55.79,56.20,54.93,54.98,17411708,-0.214,-0.40%,53.508,968788582.29,104181
2017-04-04,55.30,55.33,54.98,55.20,11937360,-0.282,-0.52%,53.7221,658447026.75,66970
2017-04-03,55.70,55.82,54.79,55.49,14550739,-0.165,-0.31%,54.0043,804563367.65,81340
2017-03-31,56.02,56.175,55.62,55.66,11864615,-0.564,-1.03%,54.1698,662539832.45,58124
2017-03-30,55.68,56.43,55.61,56.24,12106538,0.555,1.02%,54.7343,679639953.73,71415
2017-03-29,55.94,56.09,55.55,55.67,10329113,-0.282,-0.52%,54.1795,575526018.99,57409
2017-03-28,55.35,56.25,55.24,55.96,14878890,0.555,1.03%,54.4618,831977104.24,80684
2017-03-27,54.63,55.58,54.24,55.39,16854761,-0.428,-0.79%,53.907,929708549.34,94997
2017-03-24,55.50,56.05,55.22,55.83,21127464,0.564,1.05%,54.3352,1176521200.31,116372
2017-03-23,55.23,55.99,54.98,55.25,18999983,-0.078,-0.14%,53.7708,1054107466.85,105502
2017-03-22,55.53,55.57,54.85,55.33,27740860,-0.506,-0.93%,53.8486,1534868078.66,158882
2017-03-21,57.93,57.96,55.63,55.85,31766385,-1.732,-3.09%,54.3547,1787080313.82,175042
2017-03-20,58.47,58.47,57.62,57.63,17663194,-1.012,-1.77%,56.087,1023855871.81,86418
2017-03-17,59.37,59.41,58.52,58.67,20985674,-0.633,-1.10%,57.0992,1236048161.09,81733
2017-03-16,58.86,59.41,58.76,59.32,18468200,0.594,1.04%,57.7318,1093477023.72,97507
2017-03-15,58.90,59.31,58.36,58.71,17777338,-0.049,-0.09%,57.1381,1046472938.90,91736
2017-03-14,58.49,58.8054,58.245,58.76,10885031,0.058,0.10%,57.1868,637462236.57,62711
2017-03-13,58.83,59.03,58.5151,58.70,14063472,-0.146,-0.25%,57.1284,825815668.62,64000
2017-03-10,58.98,59.18,58.52,58.85,15120176,0.146,0.26%,57.2744,889683342.70,81346
2017-03-09,58.45,58.87,58.20,58.70,15721476,0.477,0.84%,57.1284,921814847.48,80703
2017-03-08,58.95,59.13,58.165,58.21,14711295,-0.088,-0.15%,56.6515,859994545.49,83190
2017-03-07,58.43,58.52,58.015,58.30,13099877,-0.302,-0.53%,56.7391,763778922.77,64507
2017-03-06,58.54,58.88,58.18,58.61,13225468,-0.273,-0.48%,57.0408,773940130.31,67614
2017-03-03,58.85,59.24,58.67,58.89,14753743,0.175,0.31%,57.3133,868996185.63,84992
2017-03-02,59.78,59.79,58.565,58.71,17578616,-0.993,-1.71%,57.1381,1036736074.95,102782
2017-03-01,59.11,59.99,59.09,59.73,25912728,1.80,3.20%,58.1308,1547266350.41,137302
2017-02-28,57.99,58.32,57.73,57.88,15558884,-0.175,-0.31%,56.3304,901770418.49,69110
2017-02-27,57.81,58.25,57.71,58.06,10101035,0.243,0.43%,56.5055,586193818.70,61468
2017-02-24,57.70,57.91,57.32,57.81,16379051,-0.662,-1.16%,56.2622,943518115.57,90804
2017-02-23,58.43,58.59,58.06,58.49,13841369,0.127,0.22%,56.924,807848996.40,77309
2017-02-22,58.00,58.59,58.00,58.36,12344234,0.107,0.19%,56.7975,719819454.20,68785
2017-02-21,58.25,58.63,57.90,58.25,16916750,0.156,0.28%,56.6904,985157086.30,77795
2017-02-17,57.58,58.10,57.45,58.09,15783230,-0.029,-0.05%,56.5347,912777951.23,65886
2017-02-16,58.36,58.36,57.51,58.12,14694501,-0.418,-0.73%,56.5639,850874544.45,83726
2017-02-15,58.10,59.005,57.89,58.55,25350371,0.555,0.98%,56.9824,1484188323.04,107029
2017-02-14,57.13,58.00,56.99,57.98,16382857,0.876,1.58%,56.4277,945039077.15,92161
2017-02-13,57.07,57.511,56.89,57.08,15325274,0.214,0.39%,55.5518,876587451.05,76157
2017-02-10,57.02,57.04,56.66,56.86,12268103,0.127,0.23%,55.3377,697774452.38,71345
2017-02-09,55.98,56.77,55.67,56.73,15907818,1.071,1.98%,55.2111,897292436.97,82880
2017-02-08,56.21,56.21,55.165,55.63,18592180,-0.691,-1.26%,54.1406,1033718050.01,90820
2017-02-07,56.86,57.19,56.2697,56.34,14937421,-0.204,-0.37%,54.8316,844176293.32,70654
2017-02-06,57.08,57.41,56.49,56.55,13940158,-0.701,-1.26%,55.036,792334199.38,71242
2017-02-03,56.88,57.285,56.43,57.27,19879774,1.479,2.73%,55.7367,1133510758.83,95510
2017-02-02,55.565,55.96,55.40,55.75,13044449,-0.156,-0.29%,54.2574,726678756.09,74306
2017-02-01,56.54,57.07,55.77,55.91,21157698,-0.039,-0.07%,54.4131,1190926028.38,115664
2017-01-31,55.98,56.38,55.80,56.33,22409081,0.242,0.45%,54.452,1258049191.11,108109
2017-01-30,56.12,56.321,55.75,56.08,15961389,-0.493,-0.90%,54.2104,893350418.95,91431
2017-01-27,57.03,57.11,56.41,56.59,17185970,-0.57,-1.03%,54.7034,975333099.58,79614
2017-01-26,56.61,57.3262,56.59,57.18,23769752,0.541,0.99%,55.2737,1355193309.04,133471
2017-01-25,55.38,56.83,55.28,56.62,32252075,1.856,3.51%,54.7324,1818354346.61,158165
2017-01-24,54.36,55.07,54.13,54.70,18523327,0.435,0.83%,52.8764,1014123849.61,88536
2017-01-23,54.71,55.00,54.15,54.25,17227385,-0.793,-1.49%,52.4414,938033921.31,91059
2017-01-20,54.75,55.11,54.62,55.07,24160823,0.474,0.90%,53.234,1327466914.21,96904
2017-01-19,54.24,54.765,53.86,54.58,20906892,0.30,0.57%,52.7604,1138732425.09,107708
2017-01-18,53.78,54.29,53.34,54.27,21186749,0.474,0.91%,52.4607,1139614126.71,112035
2017-01-17,54.80,54.96,53.58,53.78,26974416,-1.479,-2.77%,51.987,1458121424.51,134941
2017-01-13,55.11,56.20,54.65,55.31,37231593,0.783,1.49%,53.466,2064510522.11,168327
2017-01-12,54.65,54.78,53.90,54.50,20566603,-0.29,-0.55%,52.683,1118222020.83,110326
2017-01-11,54.60,54.80,53.72,54.80,21100589,0.174,0.33%,52.973,1147429182.44,108036
2017-01-10,54.35,55.18,54.26,54.62,17978219,0.367,0.70%,52.799,984068056.33,95369
2017-01-09,54.68,54.81,54.18,54.24,21794061,-0.773,-1.45%,52.4317,1187535500.13,94529
2017-01-06,55.26,55.566,54.70,55.04,18715908,-0.135,-0.25%,53.205,1030154644.73,85398
2017-01-05,55.49,55.82,54.475,55.18,18831628,-0.841,-1.55%,53.3404,1037723960.46,98226
2017-01-04,56.16,56.3071,55.611,56.05,15036148,0.048,0.09%,54.1814,841395175.57,75366
2017-01-03,55.67,56.35,55.46,56.00,22063790,0.86,1.61%,54.133,1232320500.69,107368
2016-12-30,54.89,55.36,54.79,55.11,15095516,0.261,0.49%,53.2727,832133496.33,63020
2016-12-29,55.19,55.46,54.48,54.84,15933472,-0.464,-0.87%,53.0117,873383229.59,87838
2016-12-28,55.98,56.08,55.27,55.32,10609110,-0.609,-1.13%,53.4757,588905394.29,56029
2016-12-27,55.90,56.10,55.84,55.95,8893940,-0.01,-0.02%,54.0847,497558639.34,47940
2016-12-23,55.78,55.98,55.6201,55.96,8312986,0.203,0.38%,54.0944,464214337.81,42820
2016-12-22,55.76,56.0263,55.50,55.75,14515521,0.039,0.07%,53.8914,809523188.74,73632
2016-12-21,56.09,56.09,55.635,55.71,14058380,-0.377,-0.70%,53.8527,784308065.01,66717
2016-12-20,55.47,56.32,55.15,56.10,19245332,0.851,1.59%,54.2297,1078271514.49,93553
2016-12-19,55.18,55.47,54.65,55.22,16801429,-0.116,-0.22%,53.379,925711542.69,92884
2016-12-16,55.49,55.65,54.92,55.34,33171784,0.145,0.27%,53.495,1833858225.34,123511
2016-12-15,55.17,56.25,54.90,55.19,31345878,0.474,0.90%,53.35,1742399403.48,166996
2016-12-14,54.74,55.62,54.03,54.70,54590640,-1.102,-2.04%,52.8764,2987953389.99,247109
2016-12-13,55.85,56.21,55.29,55.84,24355561,0.058,0.11%,53.9784,1358210485.48,123988
2016-12-12,56.50,57.10,55.55,55.78,27884341,-1.315,-2.38%,53.9204,1563398485.24,141005
2016-12-09,56.91,57.24,56.49,57.14,20331186,-0.145,-0.26%,55.235,1157198002.06,111247
2016-12-08,57.29,58.02,56.71,57.29,39828604,0.01,0.02%,55.38,2278781788.59,186412
2016-12-07,55.55,57.29,55.23,57.28,46616968,1.672,3.11%,55.3704,2633125360.48,208712
2016-12-06,54.45,55.57,54.22,55.55,30706669,1.16,2.21%,53.698,1690680760.76,143918
2016-12-05,53.90,54.53,53.87,54.35,24793902,0.744,1.44%,52.538,1345694783.24,116859
2016-12-02,54.24,54.27,53.31,53.58,21894686,-0.735,-1.40%,51.7937,1174012812.33,117135
2016-12-01,53.13,54.47,53.06,54.34,35623052,1.373,2.68%,52.5284,1925905803.11,179292
2016-11-30,52.48,53.16,52.30,52.92,26567203,1.025,2.04%,51.1557,1403512630.26,114614
2016-11-29,51.56,52.13,51.56,51.86,16267266,0.271,0.54%,50.1311,844499074.87,88857
2016-11-28,52.12,52.48,51.39,51.58,26518494,-1.005,-1.98%,49.8604,1375115286.52,116399
2016-11-25,52.40,52.62,52.04,52.62,9635745,0.445,0.88%,50.8657,504291166.29,52891
2016-11-23,52.44,52.63,51.95,52.16,20022318,-0.058,-0.11%,50.4211,1045744045.04,107649
2016-11-22,52.43,52.58,51.81,52.22,22816942,0.097,0.19%,50.479,1190617033.89,114673
2016-11-21,52.85,52.98,52.0201,52.12,23587173,-0.677,-1.33%,50.3824,1232788267.11,112878
2016-11-18,52.45,52.98,51.99,52.82,29673414,0.319,0.63%,51.059,1564793066.13,141674
2016-11-17,51.39,52.90,50.96,52.49,29205878,0.783,1.57%,50.74,1528506622.95,149275
2016-11-16,51.79,52.17,51.36,51.68,26996205,-0.88,-1.73%,49.9571,1393765740.94,138668
2016-11-15,52.38,52.59,51.54,52.59,39437914,-0.609,-1.18%,50.8367,2053578482.09,198925
2016-11-14,51.91,54.06,51.91,53.22,59154429,1.44,2.88%,51.4457,3143697828.34,293216
2016-11-11,51.09,51.99,50.73,51.73,46594895,0.097,0.19%,50.0054,2394663413.62,234755
2016-11-10,48.93,51.93,48.79,51.63,100988797,3.519,7.58%,49.9087,5146256092.87,459458
2016-11-09,46.33,48.61,46.00,47.99,67615042,2.368,5.38%,46.3901,3225134593.31,301686
2016-11-08,45.18,45.82,44.87,45.54,19462621,0.135,0.31%,44.0218,884501835.63,97047
2016-11-07,45.22,45.69,45.21,45.40,25769393,0.773,1.79%,43.8864,1170637528.57,109710
2016-11-04,45.36,45.42,44.49,44.60,27391609,-0.715,-1.63%,43.1131,1229211820.98,108792
2016-11-03,45.33,45.79,45.25,45.34,14982746,0.097,0.22%,43.8284,680912691.87,75131
2016-11-02,45.38,45.51,45.07,45.24,19566574,-0.358,-0.81%,43.7318,885074995.31,90592
2016-11-01,46.12,46.28,45.60,45.99,20020196,-0.019,-0.04%,44.0894,920286067.41,91981
2016-10-31,46.40,46.56,46.00,46.01,20115933,-0.211,-0.48%,44.1086,929529986.72,79506
2016-10-28,46.57,46.64,45.88,46.23,20882042,-0.173,-0.39%,44.3195,965376467.55,102219
2016-10-27,46.42,46.81,46.26,46.41,25661020,0.249,0.56%,44.492,1194236259.54,109576
2016-10-26,45.46,46.17,45.44,46.15,25181900,0.412,0.94%,44.2428,1156476365.22,97491
2016-10-25,45.47,45.80,45.41,45.72,20402012,0.192,0.44%,43.8306,931877485.24,86449
2016-10-24,45.45,45.68,45.29,45.52,19303808,0.412,0.95%,43.6388,878615041.06,84620
2016-10-21,44.74,45.295,44.66,45.09,21490816,0.153,0.36%,43.2266,968400002.27,82614
2016-10-20,44.97,45.29,44.66,44.93,27210558,-0.316,-0.73%,43.0732,1223291967.73,110506
2016-10-19,44.86,45.53,44.86,45.26,26976973,0.297,0.69%,43.3896,1222473725.09,102704
2016-10-18,44.75,45.00,44.41,44.95,23877562,0.431,1.01%,43.0924,1069794361.51,94686
2016-10-17,44.54,44.76,44.32,44.50,18861278,-0.201,-0.47%,42.661,840123080.99,81626
2016-10-14,45.17,45.52,44.315,44.71,45418598,-0.038,-0.09%,42.8623,2031808521.02,186041
2016-10-13,45.24,45.24,44.28,44.75,44174614,-0.546,-1.26%,42.9006,1970773186.38,185851
2016-10-12,45.51,45.83,45.315,45.32,21780463,-0.125,-0.29%,43.4471,991296368.78,100731
2016-10-11,45.80,45.815,45.15,45.45,25442608,-0.192,-0.44%,43.5717,1156768145.17,104908
2016-10-10,45.70,45.92,45.44,45.65,21804917,0.307,0.71%,43.7635,996575088.28,91130
2016-10-07,45.20,45.45,44.93,45.33,24893588,0.144,0.33%,43.4567,1125852197.68,105085
2016-10-06,45.18,45.39,44.83,45.18,29878198,0.182,0.42%,43.3129,1348734484.71,126855
2016-10-05,43.83,45.08,43.83,44.99,40458953,1.189,2.83%,43.1307,1808701593.50,148193
2016-10-04,43.62,44.09,43.55,43.75,44008293,-0.077,-0.18%,41.942,1926408147.73,169651
2016-10-03,44.12,44.16,43.56,43.83,38197732,-0.431,-1.02%,42.0187,1673580952.91,146635
2016-09-30,44.33,44.73,44.10,44.28,54117665,-0.086,-0.20%,42.4501,2404307907.67,182992
2016-09-29,45.19,45.26,44.21,44.37,45266713,-0.901,-2.07%,42.5364,2025343869.40,178492
2016-09-28,45.36,45.48,44.955,45.31,28220297,0.211,0.49%,43.4375,1274472890.17,121280
2016-09-27,44.79,45.10,44.66,45.09,24359007,0.201,0.47%,43.2266,1094604157.79,110276
2016-09-26,45.37,45.50,44.65,44.88,30937973,-0.824,-1.88%,43.0253,1392693830.54,125764
2016-09-23,45.50,45.91,45.43,45.74,28710524,0.019,0.04%,43.8497,1312552996.50,119124
2016-09-22,45.83,46.12,45.37,45.72,36964352,-0.105,-0.24%,43.8306,1687964824.95,144583
2016-09-21,46.51,46.54,45.33,45.83,64530229,-0.70,-1.57%,43.936,2952110718.77,232156
2016-09-20,47.15,47.20,46.12,46.56,51510381,0.527,1.20%,44.6358,2404053251.12,187524
2016-09-19,45.62,46.29,45.48,46.01,33562406,0.556,1.28%,44.1086,1543271989.80,134063
2016-09-16,45.70,45.87,45.25,45.43,51871380,-0.69,-1.56%,43.5525,2357880543.85,161757
2016-09-15,46.12,46.35,45.19,46.15,61190519,-0.355,-0.80%,44.2428,2801407391.08,229981
2016-09-14,47.08,47.58,46.50,46.52,44841748,-0.422,-0.94%,44.5975,2107029436.03,190599
2016-09-13,47.80,47.86,46.52,46.96,59000513,-1.515,-3.26%,45.0193,2770494759.01,249772
2016-09-12,48.37,48.64,47.98,48.54,35588431,-0.173,-0.37%,46.534,1719247990.27,164585
2016-09-09,49.49,49.86,48.72,48.72,32147152,-1.131,-2.36%,46.7066,1580680189.47,146103
2016-09-08,49.81,49.99,49.56,49.90,14169243,0.125,0.26%,47.8378,706187731.45,64958
2016-09-07,49.79,50.03,49.65,49.77,12437261,-0.211,-0.44%,47.7132,619130148.45,73120
2016-09-06,50.56,50.57,49.63,49.99,21832155,-0.537,-1.11%,47.9241,1089996733.45,91061
2016-09-02,50.45,50.66,50.18,50.55,12683950,0.115,0.24%,48.461,640345664.24,68513
2016-09-01,50.92,51.00,50.11,50.43,17017066,-0.355,-0.73%,48.3459,857779535.15,91477
2016-08-31,50.70,50.92,50.24,50.80,24533587,0.173,0.36%,48.7006,1243272077.29,96062
2016-08-30,49.73,50.64,49.68,50.62,25055769,1.016,2.14%,48.5281,1259842300.42,109442
2016-08-29,48.75,49.745,48.69,49.56,21201406,1.007,2.16%,47.5119,1048752798.66,103366
2016-08-26,48.58,48.84,48.28,48.51,15527260,0.125,0.27%,46.5053,753439516.03,88163
2016-08-25,48.62,48.69,48.30,48.38,13643168,-0.24,-0.51%,46.3806,660851277.88,68266
2016-08-24,48.50,48.77,48.35,48.63,16315832,0.211,0.45%,46.6203,793105104.55,72311
2016-08-23,48.64,48.75,48.39,48.41,15430170,-0.211,-0.45%,46.4094,748776279.79,66361
2016-08-22,48.64,48.74,48.50,48.63,9212563,-0.019,-0.04%,46.6203,448097231.02,47229
2016-08-19,48.44,48.73,48.20,48.65,12557726,0.115,0.25%,46.6395,609483542.76,59070
2016-08-18,48.50,48.66,48.33,48.53,12189198,-0.077,-0.16%,46.5244,590890436.96,58905
2016-08-17,48.37,48.66,48.31,48.61,13062907,0.163,0.35%,46.6011,633624468.35,67086
2016-08-16,48.16,48.60,48.06,48.44,13957611,0.163,0.35%,46.4382,675965062.92,67025
2016-08-15,48.05,48.34,48.03,48.27,11758906,0.355,0.77%,46.2752,566464142.28,55670
2016-08-12,48.05,48.08,47.83,47.90,13227473,-0.326,-0.70%,45.9205,634284406.99,56444
2016-08-11,48.23,48.50,47.92,48.24,14614072,0.058,0.12%,46.2464,705456767.63,58908
2016-08-10,48.82,48.93,48.075,48.18,16782739,-0.719,-1.53%,46.1889,811196441.93,66530
2016-08-09,49.02,49.15,48.81,48.93,10449765,0.019,0.04%,46.9079,511761618.48,54310
2016-08-08,48.78,49.05,48.74,48.91,14871601,0.22,0.47%,46.8887,727447471.08,65726
2016-08-05,48.39,48.70,48.13,48.68,19064723,0.805,1.76%,46.6682,925426934.24,91128
2016-08-04,47.60,48.00,47.57,47.84,14662635,0.259,0.57%,45.8629,701169991.60,66836
2016-08-03,47.33,47.639,47.33,47.57,14913525,0.24,0.53%,45.6041,708978837.30,68969
2016-08-02,47.66,47.8335,47.39,47.71,17033061,-0.105,-0.23%,45.3644,810623199.47,86685
2016-08-01,47.98,48.05,47.63,47.81,16026645,-0.152,-0.33%,45.4691,766025663.25,74076
2016-07-29,47.95,48.17,47.95,47.97,13111673,-0.152,-0.33%,45.6212,629805104.39,57622
2016-07-28,47.94,48.215,47.68,48.13,12562560,0.124,0.27%,45.7734,603248214.23,58955
2016-07-27,47.95,48.22,47.78,48.00,17886802,0.029,0.06%,45.6498,858404763.54,89020
2016-07-26,48.03,48.17,47.8002,47.97,16130062,-0.143,-0.31%,45.6212,773195038.13,71895
2016-07-25,48.24,48.26,47.85,48.12,12122176,-0.19,-0.41%,45.7639,582369227.53,56796
2016-07-22,48.32,48.36,48.10,48.32,13588537,0.019,0.04%,45.9541,655690814.81,66155
2016-07-21,48.65,48.81,48.29,48.30,15938855,-0.295,-0.64%,45.9351,773172864.58,76523
2016-07-20,48.59,48.69,48.40,48.61,16569909,0.228,0.50%,46.2299,804470341.26,69723
2016-07-19,48.08,48.55,48.045,48.37,15982946,0.086,0.19%,46.0017,772528039.08,70037
2016-07-18,47.81,48.33,47.78,48.28,24139225,0.542,1.19%,45.9161,1161493643.78,100836
2016-07-15,48.85,48.88,47.41,47.71,35120978,-1.17,-2.51%,45.374,1678475088.63,145491
2016-07-14,49.05,49.15,48.67,48.94,17578435,0.637,1.39%,46.5437,859942735.61,90733
2016-07-13,48.31,48.47,47.98,48.27,14389624,-0.076,-0.17%,45.9066,693721125.35,71563
2016-07-12,48.42,48.63,48.215,48.35,15067947,0.257,0.56%,45.9826,728768790.63,74289
2016-07-11,48.10,48.45,47.94,48.08,16008705,0.276,0.61%,45.7259,770937994.38,76952
2016-07-08,47.45,47.92,47.45,47.79,19775669,0.942,2.12%,45.4501,944264938.56,96238
2016-07-07,46.58,47.215,46.44,46.80,17946194,0.143,0.32%,44.5085,838904332.07,87397
2016-07-06,45.89,46.66,45.70,46.65,19024127,0.418,0.95%,44.3659,880235284.25,89948
2016-07-05,46.70,46.76,45.81,46.21,22213032,-0.78,-1.74%,43.9474,1024504086.35,106513
2016-07-01,47.08,47.28,46.86,47.03,19013628,-0.285,-0.63%,44.7273,894495330.69,91718
2016-06-30,47.24,47.36,46.53,47.33,22538811,0.342,0.77%,45.0126,1060018086.99,109408
2016-06-29,46.63,46.985,46.145,46.97,20856371,0.827,1.89%,44.6702,972588078.53,111909
2016-06-28,45.89,46.11,45.34,46.10,27525655,1.037,2.42%,43.8428,1258950076.30,140823
2016-06-27,45.20,45.329,44.50,45.01,35094392,-0.666,-1.53%,42.8062,1577406412.72,185408
2016-06-24,45.76,46.97,45.28,45.71,46744062,-2.092,-4.59%,43.4719,2152686618.03,249053
2016-06-23,47.64,47.91,47.39,47.91,16269981,0.894,2.00%,45.5642,776352340.50,86295
2016-06-22,47.15,47.58,46.93,46.97,17072144,-0.247,-0.55%,44.6702,805253629.97,93661
2016-06-21,47.29,47.34,46.77,47.23,11731625,0.285,0.64%,44.9175,552805561.41,62792
2016-06-20,47.49,47.90,46.92,46.93,19490106,0.314,0.71%,44.6322,923574612.57,93682
2016-06-17,46.85,47.00,46.52,46.60,25661279,-0.238,-0.53%,44.3183,1198609755.43,80767
2016-06-16,46.47,46.86,45.96,46.85,15619311,0.067,0.15%,44.5561,725471153.27,90996
2016-06-15,47.27,47.56,46.74,46.78,20141964,-0.095,-0.21%,44.4895,950237415.49,99504
2016-06-14,47.86,48.12,46.51,46.88,25311654,-1.037,-2.27%,44.5846,1193269304.14,133956
2016-06-13,48.13,48.51,47.96,47.97,16150106,-0.352,-0.77%,45.6212,777928415.77,90455
2016-06-10,48.49,48.71,48.17,48.34,16815315,-0.761,-1.63%,45.9731,814137454.36,87849
2016-06-09,49.65,49.68,48.85,49.14,19464358,-0.818,-1.72%,46.734,955650927.62,103744
2016-06-08,50.25,50.44,49.74,50.00,18168540,-0.257,-0.54%,47.5518,908179962.36,86246
2016-06-07,50.73,50.73,50.27,50.27,15310077,-0.209,-0.44%,47.8086,772204672.64,66796
2016-06-06,50.24,50.87,50.19,50.49,14528522,0.285,0.60%,48.0179,735583994.03,78504
2016-06-03,50.17,50.31,49.61,50.19,25452559,-0.875,-1.80%,47.7325,1271537562.37,117853
2016-06-02,50.96,51.11,50.71,51.11,14206658,0.105,0.22%,48.6075,723678321.98,74897
2016-06-01,50.26,51.04,50.17,51.00,16774325,0.266,0.55%,48.5029,850592656.62,88875
2016-05-31,51.02,51.19,50.49,50.72,19725015,-0.124,-0.26%,48.2366,1002221266.19,79683
2016-05-27,50.60,50.86,50.49,50.85,13430516,0.285,0.59%,48.3602,680742397.59,63726
2016-05-26,50.52,50.66,50.40,50.55,14983339,0.048,0.10%,48.0749,757002756.83,77250
2016-05-25,49.58,50.83,49.51,50.50,22482241,1.236,2.64%,48.0274,1135881458.20,114520
2016-05-24,49.05,49.37,48.69,49.20,16597709,0.476,1.03%,46.791,815470572.10,84163
2016-05-23,48.76,48.88,48.35,48.70,10643985,-0.048,-0.10%,46.3155,518410116.45,59033
2016-05-20,48.62,49.21,48.56,48.75,13222812,0.352,0.76%,46.3631,646236732.24,65763
2016-05-19,48.44,48.96,48.16,48.38,13604146,-0.257,-0.55%,46.0112,659344158.55,92612
2016-05-18,47.68,48.72,47.62,48.65,30028165,0.98,2.16%,46.2679,1453839102.39,163926
2016-05-17,48.14,48.17,47.55,47.62,21495620,-0.618,-1.35%,45.2884,1027686719.05,103277
2016-05-16,48.12,48.63,47.935,48.27,19655303,0.029,0.06%,45.9066,950308072.98,88598
2016-05-13,49.10,49.43,48.21,48.24,25251741,-0.913,-1.95%,45.878,1228469220.72,125842
2016-05-12,49.34,49.58,49.045,49.20,13589627,0.114,0.24%,46.791,669619466.40,83963
2016-05-11,49.36,49.72,49.08,49.08,17344292,-0.304,-0.65%,46.6769,856333363.56,85854
2016-05-10,49.00,49.51,49.00,49.40,14234406,0.495,1.06%,46.9812,702352039.57,76261
2016-05-09,49.02,49.22,48.81,48.88,13877044,-0.133,-0.29%,46.4867,679747489.22,72062
2016-05-06,48.71,49.12,48.65,49.02,14189590,0.057,0.12%,46.6198,694365656.87,82249
2016-05-05,48.97,49.19,48.77,48.96,15953570,0.019,0.04%,46.5628,780508167.17,96913
2016-05-04,49.06,49.27,48.68,48.94,22402535,-0.647,-1.37%,46.5437,1095545994.12,111329
2016-05-03,49.86,50.13,49.54,50.01,16246390,-0.557,-1.17%,47.1905,810075142.45,90428
2016-05-02,50.28,50.70,50.15,50.59,14780296,0.576,1.22%,47.7473,746429616.31,80179
2016-04-29,50.46,50.46,49.681,49.98,17886992,-0.406,-0.85%,47.1716,893983793.13,91843
2016-04-28,50.51,50.93,50.20,50.41,15506288,-0.491,-1.02%,47.5774,784791688.16,79949
2016-04-27,50.87,51.41,50.72,50.93,15342749,0.009,0.02%,48.0682,782372630.99,80935
2016-04-26,50.51,50.99,50.45,50.92,13333517,0.387,0.81%,48.0588,677349197.02,71416
2016-04-25,50.31,50.60,50.12,50.51,11689131,-0.104,-0.22%,47.6718,588934960.00,60096
2016-04-22,50.05,50.7384,50.05,50.62,16365728,0.538,1.14%,47.7756,826664965.38,84256
2016-04-21,50.55,50.78,49.93,50.05,20255390,-0.378,-0.79%,47.2376,1016575649.82,104007
2016-04-20,49.98,50.52,49.76,50.45,22647670,0.538,1.14%,47.6152,1138487839.73,99148
2016-04-19,49.01,49.92,48.98,49.88,18673376,0.982,2.13%,47.0772,928190871.78,91841
2016-04-18,47.97,48.88,47.91,48.84,18225836,0.557,1.22%,46.0956,886511771.12,91587
2016-04-15,48.62,48.94,48.06,48.25,24885233,-0.51,-1.11%,45.5388,1202183707.22,110609
2016-04-14,48.30,49.30,48.17,48.79,30067893,-0.227,-0.49%,46.0484,1468862727.27,149002
2016-04-13,48.29,49.2466,48.27,49.03,26311931,1.189,2.64%,46.275,1285493517.05,134041
2016-04-12,47.14,47.83,46.95,47.77,18772599,0.698,1.57%,45.0858,891138127.97,96393
2016-04-11,47.11,47.71,47.00,47.03,15113542,-0.038,-0.08%,44.3873,714872274.66,78829
2016-04-08,47.35,47.65,46.97,47.07,12236503,0.132,0.30%,44.4251,578150012.30,60530
2016-04-07,47.71,47.78,46.62,46.93,17593134,-1.085,-2.39%,44.293,828956648.10,90929
2016-04-06,47.39,48.13,47.22,48.08,17214436,0.538,1.20%,45.3783,822940692.02,82573
2016-04-05,48.08,48.09,47.46,47.51,18297731,-0.934,-2.04%,44.8404,873438493.14,90684
2016-04-04,48.42,48.669,48.20,48.50,12110231,0.047,0.10%,45.7747,586586310.73,66333
2016-04-01,48.23,48.58,47.775,48.45,14321391,0.085,0.19%,45.7275,692930492.88,75183
2016-03-31,48.60,48.835,48.27,48.36,16397626,-0.274,-0.60%,45.6426,795858187.60,69264
2016-03-30,48.40,49.16,48.1461,48.65,16794241,0.566,1.25%,45.9163,817854597.25,88456
2016-03-29,48.62,48.65,47.84,48.05,24459483,-0.613,-1.33%,45.35,1175837081.80,111189
2016-03-28,49.04,49.04,48.55,48.70,18478056,-0.189,-0.41%,45.9635,901494516.92,83453
2016-03-24,49.02,49.08,48.52,48.90,20871108,-0.812,-1.73%,46.1523,1017059987.56,103415
2016-03-23,50.18,50.33,49.70,49.76,13648139,-0.576,-1.21%,46.9639,681244387.87,64057
2016-03-22,50.21,50.58,50.00,50.37,13906976,-0.283,-0.59%,47.5397,699774319.62,66485
2016-03-21,50.50,50.75,50.17,50.67,13543212,0.123,0.26%,47.8228,684298468.63,77160
2016-03-18,50.44,50.70,49.93,50.54,35812068,0.764,1.63%,47.7001,1805334944.86,112759
2016-03-17,49.43,49.93,48.84,49.73,16002267,0.179,0.38%,46.9356,793026201.98,84191
2016-03-16,49.75,50.29,49.28,49.54,16629748,-0.415,-0.88%,46.7563,827594991.29,103799
2016-03-15,49.30,49.99,49.20,49.98,12946082,0.094,0.20%,47.1716,643450400.93,4
2016-03-14,49.97,50.07,49.44,49.88,12804435,-0.179,-0.38%,47.0772,637379114.21,7
2016-03-11,49.12,50.13,48.8845,50.07,18318360,1.472,3.22%,47.2565,909542514.62,0
2016-03-10,48.94,49.13,47.96,48.51,18542677,-0.264,-0.57%,45.7842,900327221.06,107152
2016-03-09,49.38,49.50,48.51,48.79,17920105,-0.245,-0.53%,46.0484,877805071.68,87330
2016-03-08,49.61,49.66,48.92,49.05,18098226,-0.963,-2.04%,46.2938,890605575.36,93480
2016-03-07,49.77,50.1561,49.44,50.07,14386101,-0.038,-0.08%,47.2565,718260547.14,72582
2016-03-04,50.01,50.49,49.68,50.11,18685622,0.321,0.68%,47.2943,937202914.66,96465
2016-03-03,49.63,49.79,49.07,49.77,14268054,0.189,0.40%,46.9734,706225126.90,77426
2016-03-02,48.84,49.57,48.61,49.57,18667745,0.802,1.74%,46.7846,919618985.35,95535
2016-03-01,47.14,48.72,47.14,48.72,24758534,1.699,3.84%,45.9824,1194494041.73,125655
2016-02-29,48.03,48.03,46.91,46.92,24018058,-1.085,-2.39%,44.2835,1137453075.19,104932
2016-02-26,48.13,48.535,47.83,48.07,20325626,0.302,0.67%,45.3689,980172378.25,101231
2016-02-25,47.71,48.155,47.71,47.75,16646240,0.132,0.29%,45.0669,796845720.81,86936
2016-02-24,47.34,47.68,46.56,47.61,18595685,-0.462,-1.02%,44.9347,875549172.27,107238
2016-02-23,48.87,48.92,47.98,48.10,15224730,-1.029,-2.22%,45.3972,734301653.70,82913
2016-02-22,48.83,49.34,48.83,49.19,17572775,1.038,2.29%,46.426,863563892.25,88464
2016-02-19,47.40,48.165,47.3399,48.09,18234852,0.34,0.75%,45.3878,873291478.75,90831
2016-02-18,48.09,48.14,47.48,47.73,17162829,-0.378,-0.83%,45.048,819396071.76,97447
2016-02-17,48.65,48.96,47.99,48.13,18060517,-0.104,-0.23%,45.4255,872057770.47,97977
2016-02-16,48.05,48.41,47.57,48.24,20410626,0.878,1.97%,45.5293,981330733.35,112137
2016-02-12,45.96,47.385,45.93,47.31,28533866,2.029,4.76%,44.6516,1338186554.97,148193
2016-02-11,44.93,45.53,44.50,45.16,32570931,-0.953,-2.19%,42.6224,1468446711.77,180278
2016-02-10,46.88,47.22,46.11,46.17,19885509,-0.264,-0.60%,43.5757,927515978.27,114943
2016-02-09,45.61,46.76,45.355,46.45,29896186,-0.047,-0.11%,43.8399,1385315744.52,166464
2016-02-08,47.11,47.34,46.06,46.50,31172124,-1.284,-2.84%,43.8871,1453012375.59,174992
2016-02-05,48.35,48.66,47.60,47.86,23733681,-0.368,-0.81%,45.1707,1142416391.67,140219
2016-02-04,47.40,48.61,47.37,48.25,30851728,0.613,1.37%,45.5388,1487319848.53,171339
2016-02-03,48.45,48.51,46.51,47.60,47149705,-0.807,-1.76%,44.9253,2227095381.21,247329
2016-02-02,49.26,49.3225,48.78,48.83,25593244,-1.04,-2.22%,45.7323,1255737865.85,136771
2016-02-01,50.12,50.18,49.555,49.94,17385386,-0.272,-0.58%,46.7718,867094162.20,98438
2016-01-29,49.29,50.25,49.1655,50.23,25358282,1.227,2.68%,47.0434,1262247462.23,116485
2016-01-28,49.10,49.395,48.60,48.92,21306571,0.328,0.72%,45.8165,1044153589.69,123561
2016-01-27,48.30,49.30,48.13,48.57,20441469,0.29,0.64%,45.4887,994069618.66,116610
2016-01-26,47.75,48.56,47.66,48.26,18895135,0.562,1.26%,45.1984,911419364.20,92406
2016-01-25,48.91,48.98,47.62,47.66,23440754,-1.274,-2.77%,44.6365,1127265180.08,130442
2016-01-22,49.03,49.27,48.56,49.02,18298681,0.946,2.10%,45.9102,895417555.18,101891
2016-01-21,48.03,49.0466,47.91,48.01,24272884,0.131,0.29%,44.9643,1174637141.41,152276
2016-01-20,47.28,48.245,46.88,47.87,40241141,-0.318,-0.71%,44.8332,1908159574.80,221748
2016-01-19,49.25,49.54,47.99,48.21,29918487,-0.571,-1.25%,45.1516,1452890795.04,162658
2016-01-15,48.59,49.64,48.13,48.82,41090425,-1.705,-3.59%,45.7229,2005121971.25,211166
2016-01-14,50.08,51.00,49.60,50.64,24569804,0.852,1.83%,47.4274,1240656208.72,141128
2016-01-13,51.73,51.80,49.50,49.73,22013526,-1.527,-3.17%,46.5752,1107553347.54,133594
2016-01-12,50.88,51.52,50.45,51.36,28961499,1.189,2.54%,48.1018,1476616738.96,157132
2016-01-11,50.18,50.325,49.64,50.09,19046405,0.496,1.07%,46.9123,951740306.01,110504
2016-01-08,50.80,50.8561,49.46,49.56,22981395,-0.787,-1.67%,46.4159,1151986525.67,122447
2016-01-07,51.01,51.19,50.15,50.40,30425557,-1.386,-2.85%,47.2027,1542344962.05,151022
2016-01-06,52.12,52.62,51.83,51.88,20026405,-0.946,-1.91%,48.5888,1043911567.04,107570
2016-01-05,52.93,53.2675,52.545,52.89,14759616,-0.019,-0.04%,49.5347,780367376.67,88701
2016-01-04,53.09,53.27,52.30,52.91,25985392,-1.358,-2.67%,49.5534,1370601008.19,132129
2015-12-31,54.51,54.9499,54.22,54.36,10929767,-0.496,-0.97%,50.9114,596072112.38,55812
2015-12-30,55.27,55.31,54.794,54.89,8016893,-0.375,-0.72%,51.4078,441130627.62,45913
2015-12-29,55.11,55.35,54.99,55.29,7894876,0.571,1.12%,51.7824,436004593.07,48610
2015-12-28,54.55,54.78,54.17,54.68,8288841,-0.131,-0.26%,51.2111,451922290.86,49273
2015-12-24,54.97,55.09,54.71,54.82,4999417,-0.206,-0.40%,51.3422,274499924.58,26703
2015-12-23,54.60,55.06,54.46,55.04,13033579,0.656,1.29%,51.5483,714335170.06,73846
2015-12-22,54.36,54.50,53.70,54.34,10318062,0.30,0.59%,50.8927,559048396.11,62032
2015-12-21,54.30,54.54,53.55,54.02,12993380,0.215,0.43%,50.593,700822104.99,77821
2015-12-18,55.00,55.15,53.79,53.79,31468584,-1.573,-3.03%,50.3776,1709304283.46,119510
2015-12-17,56.11,56.24,55.47,55.47,18800520,-0.356,-0.68%,51.951,1049082796.78,109695
2015-12-16,55.21,56.04,54.815,55.85,21086759,0.88,1.71%,52.3069,1168685856.07,126734
2015-12-15,53.83,55.12,53.81,54.91,19056701,1.602,3.21%,51.4265,1040495798.37,113179
2015-12-14,53.32,53.57,52.75,53.20,22055078,-0.103,-0.21%,49.825,1171417158.30,136794
2015-12-11,53.45,53.94,52.99,53.31,17814579,-0.965,-1.90%,49.928,952219158.23,102321
2015-12-10,54.25,54.985,53.88,54.34,14075334,0.206,0.41%,50.8927,766827152.14,78136
2015-12-09,54.12,54.94,53.71,54.12,18499649,-0.262,-0.51%,50.6867,1002761893.26,102567
2015-12-08,54.98,55.205,54.28,54.40,19949494,-0.955,-1.84%,50.9489,1090342207.95,99612
2015-12-07,55.45,55.56,55.02,55.42,17991639,-0.234,-0.45%,51.9042,994535325.66,90530
2015-12-04,54.48,55.88,54.305,55.67,19647728,1.377,2.71%,52.1383,1086670547.67,100302
2015-12-03,55.13,55.22,54.03,54.20,15410137,-0.824,-1.60%,50.7616,839805465.58,88063
2015-12-02,55.80,55.80,55.00,55.08,12779891,-0.59,-1.13%,51.5858,706990075.08,73391
2015-12-01,55.51,55.77,55.27,55.71,15543357,0.571,1.11%,52.1758,863090299.57,81690
2015-11-30,55.46,55.69,55.10,55.10,15998923,-0.272,-0.52%,51.6045,884162384.81,69744
2015-11-27,55.34,55.47,54.98,55.39,4914008,0.159,0.31%,51.8761,271569507.15,30344
2015-11-25,55.46,55.52,55.10,55.22,10034400,-0.056,-0.11%,51.7169,554256225.05,54868
2015-11-24,55.14,55.48,54.885,55.28,14156491,-0.30,-0.58%,51.7731,781362707.54,79043
2015-11-23,55.90,56.04,55.56,55.60,9638084,-0.206,-0.39%,52.0728,537608383.54,56517
2015-11-20,56.26,56.26,55.72,55.82,16264121,-0.14,-0.27%,52.2788,910389035.95,77447
2015-11-19,55.77,56.0699,55.46,55.97,12167644,0.281,0.54%,52.4193,679466427.98,67206
2015-11-18,55.06,55.77,54.965,55.67,16612571,0.665,1.29%,52.1383,921133022.79,88801
2015-11-17,55.33,55.485,54.84,54.96,11331933,-0.29,-0.56%,51.4734,624563306.16,71007
2015-11-16,54.48,55.27,54.40,55.27,11955410,0.656,1.28%,51.7637,655892921.26,69960
2015-11-13,55.02,55.36,54.33,54.57,16550247,-0.562,-1.09%,51.1081,905028626.02,94292
2015-11-12,55.52,55.75,55.17,55.17,17552240,-0.59,-1.13%,51.67,973079440.76,82374
2015-11-11,56.13,56.17,55.51,55.80,10808470,-0.103,-0.20%,52.2601,603007329.89,62778
2015-11-10,55.30,55.96,55.23,55.91,13475898,0.412,0.79%,52.3631,751242125.59,73162
2015-11-09,56.08,56.22,55.14,55.47,17609713,-0.356,-0.68%,51.951,979102666.65,89288
2015-11-06,56.04,56.34,55.56,55.85,22376825,0.927,1.80%,52.3069,1250198762.20,117363
2015-11-05,54.35,55.08,54.35,54.86,12263906,0.262,0.51%,51.3797,672917198.70,63948
2015-11-04,54.56,54.75,54.375,54.58,12823595,0.023,0.05%,51.1175,699635171.69,67768
2015-11-03,54.68,55.15,54.45,54.93,10709126,0.074,0.15%,51.0941,587814737.71,64345
2015-11-02,54.21,55.02,54.13,54.85,10992331,0.66,1.31%,51.0196,600894531.98,61400
2015-10-30,55.07,55.07,54.03,54.14,18450513,-0.884,-1.72%,50.3592,1003536446.58,84459
2015-10-29,55.39,55.5673,54.91,55.09,11334914,-0.335,-0.65%,51.2429,625021711.99,66124
2015-10-28,54.24,55.50,54.1701,55.45,16681630,1.237,2.46%,51.5777,916346024.17,97473
2015-10-27,53.98,54.325,53.82,54.12,12443881,-0.158,-0.31%,50.3406,672770337.74,66224
2015-10-26,54.76,54.81,54.16,54.29,12661370,-0.428,-0.84%,50.4987,687674064.03,65694
2015-10-23,54.34,54.80,54.11,54.75,16924772,0.642,1.28%,50.9266,923338451.06,81187
2015-10-22,53.40,54.45,53.40,54.06,18263223,0.874,1.77%,50.2848,987853184.53,88994
2015-10-21,53.04,53.86,53.03,53.12,17698584,0.037,0.08%,49.4105,946151699.31,99802
2015-10-20,52.62,53.285,52.58,53.08,13583334,0.484,0.99%,49.3732,720013945.09,74064
2015-10-19,52.76,53.01,52.45,52.56,15515662,-0.298,-0.61%,48.8896,817271607.81,72424
2015-10-16,53.15,53.19,52.505,52.88,15676303,0.177,0.36%,49.1872,828905793.87,73604
2015-10-15,51.98,52.70,51.7586,52.69,18262387,1.107,2.31%,49.0105,956175082.31,96167
2015-10-14,51.70,51.90,50.74,51.50,26269117,-0.335,-0.69%,47.9036,1349188206.25,138506
2015-10-13,52.02,52.31,51.71,51.86,16002167,-0.298,-0.61%,48.2384,831657486.36,84497
2015-10-12,52.12,52.43,51.75,52.18,10639023,0.037,0.08%,48.5361,555004359.54,63843
2015-10-09,53.02,53.07,51.98,52.14,16983126,-0.372,-0.76%,48.4989,887984039.75,85535
2015-10-08,52.23,52.59,51.77,52.54,15384114,0.326,0.67%,48.871,803241790.73,92977
2015-10-07,52.49,52.725,51.91,52.19,13918017,0.149,0.31%,48.5454,726795841.45,77677
2015-10-06,52.18,52.54,51.92,52.03,14490737,-0.353,-0.73%,48.3966,756093719.21,80974
2015-10-05,51.71,52.57,51.50,52.41,15240718,1.07,2.24%,48.75,795946970.01,84783
2015-10-02,50.28,51.29,49.51,51.26,21630348,-0.167,-0.35%,47.6803,1090913990.89,121197
2015-10-01,51.51,51.86,50.915,51.44,15556585,0.084,0.18%,47.8478,798338647.19,98445
2015-09-30,51.63,51.72,50.703,51.35,20514761,0.428,0.90%,47.7641,1051339220.33,101049
2015-09-29,50.47,50.96,50.0031,50.89,20816372,0.484,1.03%,47.3362,1052665800.98,117157
2015-09-28,51.07,51.30,50.20,50.37,17647883,-1.032,-2.16%,46.8525,893167317.83,92571
2015-09-25,51.36,51.87,51.07,51.48,18394809,0.865,1.84%,47.885,947358434.63,101894
2015-09-24,50.09,50.68,49.80,50.55,17064312,-0.214,-0.45%,47.0199,857840489.29,91007
2015-09-23,50.88,50.94,50.50,50.78,12521218,0.084,0.18%,47.2339,635160920.56,66750
2015-09-22,50.87,51.15,50.334,50.69,21761275,-0.80,-1.67%,47.1501,1102313141.68,107610
2015-09-21,51.52,51.7465,51.18,51.55,16673315,0.474,1.00%,47.9501,858705667.77,95565
2015-09-18,51.27,51.4811,50.70,51.04,39561581,-1.088,-2.24%,47.4757,2017750177.02,160083
2015-09-17,53.70,53.91,52.03,52.21,25025803,-1.405,-2.81%,48.564,1322552075.02,139814
2015-09-16,53.52,53.89,52.90,53.72,15218544,0.233,0.47%,49.9686,813654569.81,73982
2015-09-15,53.04,53.7853,52.82,53.47,14305498,0.651,1.33%,49.736,763750253.02,79035
2015-09-14,52.63,52.88,52.41,52.77,16225618,0.14,0.29%,49.0849,854811263.81,80864
2015-09-11,52.34,52.66,52.034,52.62,12549350,0.056,0.11%,48.9454,657253018.29,59193
2015-09-10,52.07,52.86,51.80,52.56,17996234,0.344,0.71%,48.8896,943005523.00,99388
2015-09-09,53.61,53.70,52.02,52.19,16221491,-0.688,-1.40%,48.5454,857737274.79,83688
2015-09-08,52.65,52.98,51.98,52.93,19685429,1.525,3.20%,49.2337,1034094306.21,94959
2015-09-04,51.80,51.82,50.76,51.29,22303838,-1.06,-2.17%,47.7082,1142454951.77,104978
2015-09-03,52.39,53.00,52.22,52.43,15719008,0.409,0.85%,48.7686,826447641.85,83053
2015-09-02,52.16,52.49,51.27,51.99,20919629,0.93,1.96%,48.3594,1082860643.04,94658
2015-09-01,52.11,52.32,50.53,50.99,28031703,-2.177,-4.39%,47.4292,1440680237.35,153498
2015-08-31,53.40,53.56,53.06,53.33,13842199,-0.195,-0.39%,49.6058,737916582.62,70144
2015-08-28,53.75,53.93,53.04,53.54,18342169,-0.456,-0.91%,49.8011,981655129.66,96426
2015-08-27,53.44,54.10,52.88,54.03,26452537,1.609,3.31%,50.2569,1416925435.85,130975
2015-08-26,51.56,52.41,50.58,52.30,30235778,2.121,4.56%,48.6477,1556876734.04,155004
2015-08-25,53.55,53.65,50.00,50.02,31041795,-1.144,-2.40%,46.5269,1600873141.47,163284
2015-08-24,49.20,53.24,47.75,51.25,40198134,-2.53,-5.04%,47.671,2061892012.24,215553
2015-08-21,55.33,55.78,53.96,53.97,31954445,-2.00,-3.83%,50.2011,1749289500.20,170825
2015-08-20,56.46,56.58,56.11,56.12,20857677,-0.874,-1.65%,52.201,1174515919.53,111041
2015-08-19,57.28,57.55,56.95,57.06,13744637,-0.446,-0.83%,53.0753,785830652.88,70466
2015-08-18,57.41,57.72,57.27,57.54,10581474,0.177,0.33%,53.5218,608344283.40,54205
2015-08-17,57.02,57.50,56.93,57.35,11462454,0.019,0.03%,53.3451,656296168.99,57538
2015-08-14,56.89,57.37,56.82,57.33,9742520,0.409,0.77%,53.3265,557501658.29,49594
2015-08-13,56.75,57.134,56.63,56.89,11868619,0.158,0.30%,52.9172,675492445.14,62364
2015-08-12,56.90,56.95,56.20,56.72,21878424,-0.456,-0.86%,52.7591,1238380539.31,101591
2015-08-11,57.23,57.55,56.98,57.21,15425475,-0.679,-1.26%,53.2148,883060547.65,77857
2015-08-10,57.80,57.98,57.68,57.94,12397545,0.437,0.82%,53.8939,717144681.20,56593
2015-08-07,57.57,57.86,57.04,57.47,13596220,-0.056,-0.10%,53.4567,781051214.15,65023
2015-08-06,57.65,57.95,57.405,57.53,12556587,-0.112,-0.21%,53.5125,723629504.05,64363
2015-08-05,57.81,58.02,57.48,57.65,12032525,0.191,0.36%,53.6241,694513432.43,60907
2015-08-04,57.77,58.16,57.71,57.82,12324691,-0.083,-0.16%,53.4334,713336107.01,58485
2015-08-03,58.07,58.07,57.50,57.91,13085940,0.037,0.07%,53.5166,756034020.02,65908
2015-07-31,58.23,58.25,57.7899,57.87,12369834,-0.259,-0.48%,53.4796,716942577.94,59656
2015-07-30,57.85,58.19,57.72,58.15,9864823,0.176,0.33%,53.7384,572510892.10,54923
2015-07-29,57.60,58.13,57.42,57.96,13718354,0.518,0.98%,53.5628,794373182.18,71294
2015-07-28,57.73,57.84,57.16,57.40,16730609,-0.176,-0.33%,53.0453,961692838.61,75534
2015-07-27,57.48,57.84,57.34,57.59,15495288,-0.176,-0.33%,53.2209,891524788.55,75948
2015-07-24,58.18,58.34,57.7001,57.78,13157279,-0.397,-0.74%,53.3964,761973459.44,61140
2015-07-23,58.73,58.765,58.0699,58.21,13582244,-0.286,-0.53%,53.7938,792053679.37,59444
2015-07-22,58.07,58.59,57.99,58.52,14871061,0.527,0.98%,54.0803,867469779.45,78530
2015-07-21,58.02,58.37,57.75,57.95,12504279,-0.092,-0.17%,53.5535,725017578.09,60853
2015-07-20,57.99,58.29,57.88,58.05,10084859,0.102,0.19%,53.646,585942692.11,52847
2015-07-17,57.97,58.05,57.49,57.94,12963915,-0.213,-0.40%,53.5443,749508110.49,62298
2015-07-16,58.24,58.35,57.98,58.17,13194493,0.36,0.67%,53.7569,767243116.50,67333
2015-07-15,57.41,58.16,57.26,57.78,17159434,0.49,0.93%,53.3964,993151370.21,78805
2015-07-14,56.46,57.37,56.39,57.25,20066280,0.471,0.90%,52.9066,1146219123.29,92776
2015-07-13,56.56,56.76,56.42,56.74,15521841,0.61,1.18%,52.4353,878730021.83,74409
2015-07-10,56.33,56.46,55.86,56.08,13269598,0.536,1.05%,51.8254,744131362.19,67466
2015-07-09,56.06,56.15,55.44,55.50,13623154,0.231,0.45%,51.2894,758437084.54,70614
2015-07-08,55.84,56.17,55.21,55.25,12906614,-0.924,-1.78%,51.0584,716562109.07,83929
2015-07-07,56.32,56.47,55.075,56.25,15831836,-0.176,-0.34%,51.9825,882896657.96,91744
2015-07-06,56.10,56.53,56.01,56.44,11682148,-0.277,-0.53%,52.1581,657831964.08,63032
2015-07-02,56.84,57.14,56.52,56.74,10106770,-0.157,-0.30%,52.4353,573420330.48,53199
2015-07-01,57.09,57.20,56.61,56.91,12165329,0.619,1.19%,52.5924,692223898.77,64945
2015-06-30,56.54,56.88,55.99,56.24,17346720,0.166,0.32%,51.9733,977262147.29,80553
2015-06-29,56.80,57.19,56.01,56.06,19289651,-1.275,-2.40%,51.8069,1088654759.45,106391
2015-06-26,57.34,57.58,57.17,57.44,16975850,0.25,0.47%,53.0822,974859864.41,62621
2015-06-25,57.75,57.7895,57.13,57.17,14053641,-0.342,-0.64%,52.8327,805889347.42,67089
2015-06-24,57.67,58.15,57.54,57.54,16166598,-0.323,-0.60%,53.1746,933542497.17,64750
2015-06-23,58.00,58.26,57.76,57.89,13354246,-0.018,-0.03%,53.4981,774319686.51,70383
2015-06-22,57.58,58.04,57.53,57.91,15111198,0.795,1.51%,53.5166,873672060.92,66829
2015-06-19,57.42,57.57,57.05,57.05,36241076,-0.601,-1.13%,52.7218,2072860057.84,76569
2015-06-18,57.29,57.84,57.19,57.70,18299905,0.49,0.93%,53.3225,1053150364.50,90679
2015-06-17,57.31,57.55,57.10,57.17,17497735,-0.046,-0.09%,52.8327,1002017803.48,88430
2015-06-16,56.85,57.24,56.73,57.22,10476094,0.222,0.42%,52.8789,598078582.67,56407
2015-06-15,56.65,57.07,56.48,56.98,12920592,-0.102,-0.19%,52.6571,734638012.13,69524
2015-06-12,57.13,57.29,56.74,57.09,13439024,-0.157,-0.30%,52.7588,765599990.50,63344
2015-06-11,57.26,57.57,57.07,57.26,13943277,0.046,0.09%,52.9159,799577554.20,73907
2015-06-10,56.98,57.57,56.905,57.21,18622390,0.471,0.90%,52.8697,1066591763.29,86301
2015-06-09,56.23,56.925,56.00,56.70,14669909,0.536,1.03%,52.3984,830161304.35,74475
2015-06-08,56.94,56.94,56.12,56.12,14248446,-0.453,-0.87%,51.8624,804115395.79,77096
2015-06-05,57.04,57.22,56.40,56.61,16890253,0.434,0.84%,52.3152,958623824.21,85853
2015-06-04,56.53,56.89,55.93,56.14,17627090,-0.712,-1.35%,51.8809,991640821.12,96828
2015-06-03,56.35,57.20,56.35,56.91,16197740,0.675,1.30%,52.5924,921482155.81,79608
2015-06-02,56.01,56.45,55.74,56.18,13148696,0.129,0.25%,51.9178,738651678.60,62225
2015-06-01,56.24,56.49,55.80,56.04,15746240,0.074,0.14%,51.7884,883682610.44,82449
2015-05-29,56.25,56.26,55.68,55.96,17291512,-0.231,-0.44%,51.7145,967806549.13,76049
2015-05-28,56.11,56.30,55.89,56.21,10348706,0.129,0.25%,51.9455,580559871.17,46524
2015-05-27,55.92,56.31,55.71,56.07,12526067,0.379,0.74%,51.8162,703001773.48,56167
2015-05-26,55.97,56.00,55.46,55.66,15859118,-0.314,-0.61%,51.4373,883209680.62,78796
2015-05-22,56.04,56.23,55.99,56.00,8568750,-0.009,-0.02%,51.7515,480813813.00,42283
2015-05-21,55.91,56.18,55.83,56.01,13466688,-0.065,-0.12%,51.7607,754130851.59,54619
2015-05-20,56.32,56.37,55.93,56.08,13291959,-0.296,-0.57%,51.8254,746364472.56,65098
2015-05-19,55.90,56.70,55.89,56.40,17194050,0.601,1.17%,52.1211,970053534.63,81175
2015-05-18,55.58,55.98,55.55,55.75,10637289,0.213,0.41%,51.5204,593100163.50,47627
2015-05-15,56.04,56.04,55.30,55.52,13323206,-0.481,-0.93%,51.3079,740196529.70,59051
2015-05-14,55.95,56.1299,55.72,56.04,11025386,0.407,0.79%,51.7884,616919078.91,50042
2015-05-13,55.47,55.83,55.37,55.60,11448061,0.12,0.23%,51.3818,637005797.65,58104
2015-05-12,55.31,55.64,55.00,55.47,11705874,-0.037,-0.07%,51.2617,647940775.06,67783
2015-05-11,55.92,55.96,55.44,55.51,12922055,-0.499,-0.96%,51.2987,719285012.33,65609
2015-05-08,55.17,56.05,55.09,56.05,17477488,1.146,2.26%,51.7977,973657363.86,78414
2015-05-07,54.96,55.19,54.61,54.81,14723006,-0.102,-0.20%,50.6518,807508823.21,64474
2015-05-06,55.43,55.60,54.45,54.92,15670726,-0.393,-0.77%,50.7534,860556037.80,81831
2015-05-05,55.73,56.20,55.60,55.72,17068104,-0.009,-0.02%,51.1462,954416441.26,80767
2015-05-04,55.27,55.77,55.26,55.73,9981839,0.496,0.98%,51.1554,554775688.77,49091
2015-05-01,55.26,55.58,54.96,55.19,12069395,0.083,0.16%,50.6597,665846942.07,58070
2015-04-30,55.65,55.65,54.78,55.10,16577793,-0.33,-0.65%,50.5771,913937872.54,83392
2015-04-29,55.17,55.76,55.075,55.46,18144485,0.046,0.09%,50.9075,1006373064.56,81917
2015-04-28,54.91,55.43,54.87,55.41,13028265,0.404,0.80%,50.8616,719736702.67,62274
2015-04-27,54.79,55.50,54.71,54.97,19852410,0.248,0.49%,50.4577,1094929894.93,70289
2015-04-24,54.76,54.92,54.61,54.70,15268078,-0.147,-0.29%,50.2099,835735808.80,60169
2015-04-23,54.41,55.12,54.41,54.86,14657785,0.174,0.35%,50.3568,803643433.56,69649
2015-04-22,54.31,54.91,54.16,54.67,13563832,0.358,0.72%,50.1824,740905821.93,60994
2015-04-21,54.55,54.85,54.19,54.28,10954163,-0.073,-0.15%,49.8244,596329977.05,58371
2015-04-20,54.34,54.67,54.17,54.36,13327224,0.285,0.57%,49.8978,725432827.64,65705
2015-04-17,54.41,54.56,53.98,54.05,17569711,-0.698,-1.39%,49.6133,951413625.30,83516
2015-04-16,54.53,55.07,54.34,54.81,15643194,0.00,0.00%,50.3109,856349440.37,75863
2015-04-15,54.37,54.91,54.19,54.81,16899885,0.569,1.14%,50.3109,924210348.45,73983
2015-04-14,53.93,54.47,53.571,54.19,29289610,-0.367,-0.73%,49.7418,1581919885.94,140740
2015-04-13,54.33,54.73,54.28,54.59,14931597,0.248,0.50%,50.1089,814963413.69,70245
2015-04-10,54.33,54.48,54.055,54.32,9531501,0.119,0.24%,49.8611,517536932.90,50433
2015-04-09,54.06,54.29,53.73,54.19,10279402,0.174,0.35%,49.7418,555497815.02,57338
2015-04-08,53.98,54.36,53.83,54.00,9828654,-0.018,-0.04%,49.5674,531010605.98,53187
2015-04-07,54.28,54.39,53.98,54.02,10853676,-0.055,-0.11%,49.5857,588371632.78,58914
2015-04-06,53.82,54.37,53.56,54.08,10786082,-0.266,-0.53%,49.6408,583623183.33,56983
2015-04-02,53.95,54.48,53.82,54.37,13498903,0.395,0.80%,49.907,732674950.04,66433
2015-04-01,54.42,54.42,53.78,53.94,15436876,-0.422,-0.85%,49.5123,833643773.94,82194
2015-03-31,54.47,54.69,54.19,54.40,13306212,-0.34,-0.68%,49.9345,724889789.62,57816
2015-03-30,54.39,55.02,54.39,54.77,11706734,0.597,1.20%,50.2742,641997866.19,61335
2015-03-27,54.54,54.595,53.96,54.12,13600286,-0.349,-0.70%,49.6775,736265885.31,61181
2015-03-26,54.35,54.75,53.97,54.50,15038604,-0.037,-0.07%,50.0263,819298799.76,71673
2015-03-25,55.26,55.36,54.54,54.54,15413662,-0.744,-1.46%,50.063,844508421.76,84160
